date;ABBA
20161231;100
20170101;102.17
20170102;107.86
20170103;107.47
20170104;114.92
20170105;101.12
20170106;96
20170107;94.72
20170108;95.29
20170109;94.01
20170110;95.07
20170111;84.56
20170112;84.15
20170113;86.73
20170114;86.92
20170115;86.14
20170116;87.33
20170117;91.75
20170118;91.49
20170119;93.2
20170120;93.4
20170121;96.02
20170122;95.26
20170123;95.31
20170124;94.49
20170125;93.08
20170126;95.18
20170127;95.63
20170128;95.24
20170129;95.35
20170130;95.3
20170131;98.74
20170201;99.65
20170202;102.58
20170203;104.23
20170204;104.01
20170205;104.41
20170206;105.32
20170207;108.24
20170208;108.74
20170209;102.23
20170210;101.36
20170211;104.69
20170212;104.01
20170213;103.98
20170214;105.86
20170215;105.97
20170216;107.64
20170217;109.91
20170218;110.64
20170219;109.86
20170220;110.45
20170221;114.87
20170222;117.22
20170223;119.72
20170224;124.17
20170225;119.55
20170226;123.18
20170227;125.65
20170228;125.43
20170301;128.59
20170302;134.33
20170303;135.76
20170304;133.8
20170305;134.61
20170306;136.65
20170307;134.69
20170308;128.11
20170309;128.6
20170310;133.15
20170311;128.14
20170312;133.11
20170313;137.69
20170314;138.96
20170315;138.38
20170316;140.41
20170317;136.85
20170318;119.07
20170319;124.11
20170320;126.71
20170321;130.34
20170322;121.02
20170323;124.14
20170324;121.41
20170325;117.64
20170326;122.89
20170327;126.31
20170328;129.47
20170329;129.58
20170330;128.67
20170331;132.14
20170401;133.36
20170402;134.12
20170403;136.06
20170404;134.99
20170405;135.42
20170406;138.68
20170407;140.87
20170408;141.17
20170409;141.68
20170410;142.39
20170411;143.88
20170412;142.88
20170413;143.1
20170414;142.1
20170415;142.68
20170416;141.47
20170417;143.16
20170418;144.23
20170419;145.05
20170420;146.59
20170421;147.39
20170422;145.85
20170423;146.93
20170424;148
20170425;150.23
20170426;154.45
20170427;160.71
20170428;164.02
20170429;168.12
20170430;166.92
20170501;177.79
20170502;181.74
20170503;185
20170504;200.21
20170505;198.98
20170506;196.65
20170507;198.95
20170508;204.59
20170509;214.89
20170510;223.08
20170511;229.81
20170512;219.08
20170513;212
20170514;220.28
20170515;213.25
20170516;214.55
20170517;219.92
20170518;226.54
20170519;245.68
20170520;253.48
20170521;264.43
20170522;301.69
20170523;306.1
20170524;331.32
20170525;363.79
20170526;324.69
20170527;280.04
20170528;290.18
20170529;312.08
20170530;319.54
20170531;335.09
20170601;345.13
20170602;343.78
20170603;356.85
20170604;367.06
20170605;376.02
20170606;403.75
20170607;399.4
20170608;392.09
20170609;413.5
20170610;428.81
20170611;456.77
20170612;467.51
20170613;461.89
20170614;443.79
20170615;373.4
20170616;422.09
20170617;437.79
20170618;436.89
20170619;434.06
20170620;448.39
20170621;425.07
20170622;433.93
20170623;430.84
20170624;421.24
20170625;401.12
20170626;355.41
20170627;340.81
20170628;395.35
20170629;396.46
20170630;390.98
20170701;372.29
20170702;369.92
20170703;391.97
20170704;388.36
20170705;378.88
20170706;382.21
20170707;365.83
20170708;367.86
20170709;368.27
20170710;337.5
20170711;325.44
20170712;331.56
20170713;327.13
20170714;312.23
20170715;283.6
20170716;257.61
20170717;280.93
20170718;329.98
20170719;333.97
20170720;361.41
20170721;365.01
20170722;372.37
20170723;374.64
20170724;371.61
20170725;348.4
20170726;330
20170727;346.69
20170728;363.57
20170729;354.79
20170730;364.05
20170731;365.7
20170801;369.04
20170802;426.18
20170803;422.43
20170804;418.65
20170805;450.8
20170806;466.91
20170807;495.57
20170808;507.77
20170809;489.94
20170810;511.64
20170811;520.25
20170812;558.31
20170813;558.97
20170814;586.04
20170815;554.26
20170816;591.22
20170817;595.55
20170818;582.41
20170819;554.86
20170820;565.87
20170821;577.32
20170822;558.35
20170823;592.73
20170824;596.92
20170825;616.29
20170826;601.83
20170827;609.87
20170828;608.2
20170829;648.52
20170830;660.89
20170831;673.38
20170901;693.75
20170902;644.09
20170903;630.75
20170904;575.36
20170905;581.21
20170906;637.01
20170907;637.06
20170908;591.78
20170909;577.39
20170910;558.95
20170911;579.04
20170912;584.59
20170913;525.36
20170914;481.14
20170915;507.49
20170916;488.38
20170917;502.93
20170918;557.54
20170919;555.87
20170920;558.46
20170921;523.03
20170922;490.81
20170923;524.99
20170924;526.81
20170925;551.67
20170926;551.08
20170927;572.79
20170928;577.71
20170929;577.9
20170930;598.8
20171001;592.37
20171002;602.83
20171003;590.58
20171004;584.04
20171005;596.69
20171006;607.07
20171007;607.95
20171008;632.85
20171009;632.67
20171010;647.69
20171011;648.15
20171012;701.33
20171013;759.61
20171014;759.13
20171015;736.91
20171016;757.55
20171017;737.02
20171018;706.51
20171019;733.05
20171020;772.12
20171021;781.04
20171022;769.2
20171023;738.13
20171024;743.86
20171025;718.67
20171026;773.76
20171027;753.34
20171028;747.1
20171029;782.01
20171030;790.02
20171031;822.54
20171101;843.4
20171102;871.44
20171103;913.3
20171104;919.33
20171105;935.53
20171106;898.53
20171107;877.28
20171108;933.24
20171109;909.49
20171110;870.82
20171111;824.42
20171112;801.18
20171113;826.19
20171114;848.57
20171115;909.01
20171116;946.92
20171117;982.05
20171118;960.41
20171119;991.53
20171120;1042.46
20171121;1044.44
20171122;1027.53
20171123;1049.75
20171124;1070.57
20171125;1135.08
20171126;1182.68
20171127;1223.96
20171128;1258.89
20171129;1363.12
20171130;1169.73
20171201;1311.51
20171202;1335.55
20171203;1428.05
20171204;1392.19
20171205;1429.64
20171206;1519.1
20171207;1796.72
20171208;1799.81
20171209;1725.48
20171210;1791.92
20171211;1928.79
20171212;2065.22
20171213;2073.02
20171214;2037.75
20171215;2170.26
20171216;2287.41
20171217;2332.41
20171218;2280.51
20171219;2304.66
20171220;2091.95
20171221;2021.16
20171222;1637.52
20171223;1943.68
20171224;1689.22
20171225;1811.14
20171226;2039.69
20171227;1890.5
20171228;1781
20171229;1876.5
20171230;1579.86
20171231;1804.65
20180101;1715.48
20180102;1841.38
20180103;1998.76
20180104;1990.12
20180105;2158.26
20180106;2241.01
20180107;2221.23
20180108;2108.88
20180109;2189.76
20180110;2190.71
20180111;2078
20180112;2028.17
20180113;2176.33
20180114;2045.4
20180115;2126.3
20180116;1780.79
20180117;1529.69
20180118;1728.32
20180119;1731.48
20180120;1907.01
20180121;1690.87
20180122;1572.49
20180123;1673.02
20180124;1627.13
20180125;1610.17
20180126;1625.43
20180127;1698.06
20180128;1769.31
20180129;1722.55
20180130;1594.52
20180131;1546.76
20180201;1409.18
20180202;1387.34
20180203;1416.84
20180204;1277.55
20180205;1082.62
20180206;1069.87
20180207;1213.86
20180208;1229.44
20180209;1265.7
20180210;1248.02
20180211;1253.1
20180212;1296.43
20180213;1271.67
20180214;1370.36
20180215;1431.83
20180216;1454.06
20180217;1543.66
20180218;1502.29
20180219;1558.07
20180220;1611.31
20180221;1455.07
20180222;1382.38
20180223;1421.24
20180224;1387.08
20180225;1349.34
20180226;1443.96
20180227;1491.42
20180228;1475.3
20180301;1504.69
20180302;1502.01
20180303;1563.49
20180304;1531.47
20180305;1569.81
20180306;1500.76
20180307;1362.12
20180308;1310.47
20180309;1221.23
20180310;1317.55
20180311;1282.97
20180312;1271.1
20180313;1269.05
20180314;1158.47
20180315;1114.35
20180316;1171.09
20180317;1084.55
20180318;976.62
20180319;1108.41
20180320;1166.09
20180321;1164.78
20180322;1123.64
20180323;1122.35
20180324;1156.86
20180325;1101.09
20180326;1042.67
20180327;1033.72
20180328;1013.04
20180329;952.73
20180330;869
20180331;906.81
20180401;826.89
20180402;899.66
20180403;946.02
20180404;871.72
20180405;873.27
20180406;847.51
20180407;900.51
20180408;912.31
20180409;875.48
20180410;891.5
20180411;911.33
20180412;1006.53
20180413;1084.98
20180414;1055.68
20180415;1103.3
20180416;1060.93
20180417;1085.3
20180418;1076.01
20180419;1122.91
20180420;1171.97
20180421;1220.47
20180422;1247.36
20180423;1254.32
20180424;1330.8
20180425;1251.02
20180426;1247.32
20180427;1313.9
20180428;1332.6
20180429;1327.72
20180430;1329.95
20180501;1279.63
20180502;1325.36
20180503;1388.22
20180504;1426.86
20180505;1482.27
20180506;1415.94
20180507;1378.47
20180508;1364.14
20180509;1386.07
20180510;1395.94
20180511;1269.63
20180512;1234.86
20180513;1300.53
20180514;1319.75
20180515;1286
20180516;1249.46
20180517;1257.11
20180518;1215.71
20180519;1253.89
20180520;1264.59
20180521;1260.32
20180522;1223.98
20180523;1128.04
20180524;1105.01
20180525;1099.6
20180526;1106.32
20180527;1067.51
20180528;1037.55
20180529;1069.83
20180530;1053.92
20180531;1088.27
20180601;1078.41
20180602;1105.83
20180603;1134.42
20180604;1091.43
20180605;1101.07
20180606;1118.6
20180607;1112.38
20180608;1109.71
20180609;1109.8
20180610;1050.57
20180611;965.88
20180612;979.81
20180613;904.98
20180614;912.82
20180615;956.41
20180616;928.47
20180617;953.15
20180618;942.8
20180619;991.55
20180620;994.1
20180621;981.86
20180622;890.64
20180623;882.51
20180624;823.39
20180625;898.61
20180626;881.25
20180627;870.64
20180628;871.42
20180629;833.33
20180630;899.39
20180701;893.8
20180702;942.01
20180703;934.14
20180704;946.87
20180705;939.35
20180706;929.54
20180707;928.37
20180708;960.07
20180709;953.58
20180710;897.23
20180711;899.18
20180712;878.94
20180713;893.41
20180714;890.39
20180715;913.6
20180716;946.92
20180717;965.43
20180718;1040.31
20180719;1022.2
20180720;1016.34
20180721;1013.77
20180722;1028.17
20180723;1045.03
20180724;1099.15
20180725;1086.39
20180726;1101.94
20180727;1091.19
20180728;1086.05
20180729;1100
20180730;1076.63
20180731;1027.22
20180801;1008.44
20180802;998.78
20180803;993.12
20180804;937.54
20180805;941.92
20180806;941.41
20180807;955.39
20180808;865.26
20180809;859.68
20180810;860.41
20180811;795.93
20180812;824.73
20180813;807.23
20180814;758.59
20180815;819.1
20180816;816.24
20180817;824.51
20180818;811.11
20180819;821.49
20180820;812.42
20180821;799.48
20180822;801.33
20180823;800.34
20180824;805.1
20180825;832.91
20180826;823.08
20180827;828.99
20180828;861.57
20180829;848.83
20180830;832.19
20180831;838.8
20180901;871.01
20180902;873.26
20180903;879.48
20180904;892.28
20180905;833.71
20180906;755.28
20180907;748.48
20180908;754.09
20180909;739.46
20180910;732.56
20180911;719.28
20180912;713.04
20180913;746.89
20180914;751.67
20180915;766.42
20180916;756.55
20180917;726.07
20180918;740.32
20180919;738.37
20180920;740.42
20180921;775.37
20180922;781.62
20180923;782.89
20180924;775.18
20180925;743.22
20180926;761.81
20180927;765.35
20180928;790.9
20180929;787.68
20180930;789.76
20181001;783.35
20181002;782.87
20181003;780.05
20181004;789.45
20181005;790.07
20181006;790.96
20181007;787.51
20181008;800.44
20181009;794.8
20181010;784.55
20181011;740.27
20181012;744.95
20181013;743.46
20181014;749.4
20181015;785.73
20181016;780.62
20181017;778.89
20181018;777.96
20181019;769.72
20181020;770.31
20181021;772.36
20181022;770.08
20181023;767.09
20181024;772.24
20181025;771.19
20181026;766.86
20181027;768.27
20181028;770.52
20181029;756.14
20181030;755.78
20181031;763.27
20181101;758.06
20181102;765.9
20181103;761.75
20181104;773.36
20181105;776.76
20181106;779.06
20181107;788.92
20181108;782.51
20181109;773.32
20181110;776.45
20181111;768.44
20181112;778.69
20181113;773.15
20181114;701.87
20181115;670.09
20181116;670.15
20181117;667.3
20181118;669.49
20181119;604.42
20181120;560.87
20181121;535.02
20181122;526.21
20181123;501.48
20181124;500.73
20181125;445.25
20181126;449.49
20181127;441.09
20181128;488.66
20181129;505.53
20181130;470.76
20181201;495.23
20181202;487.95
20181203;451.94
20181204;470.58
20181205;452.38
20181206;425.87
20181207;384.39
20181208;391.43
20181209;420.44
20181210;399.3
20181211;389.54
20181212;405.13
20181213;399.42
20181214;380.3
20181215;369.27
20181216;381.11
20181217;399.17
20181218;411.65
20181219;445.28
20181220;472.1
20181221;470.47
20181222;458.54
20181223;476.53
20181224;495.16
20181225;449.42
20181226;455.86
20181227;450.77
20181228;463.19
20181229;471.49
20181230;464.84
20181231;459.5
20190101;448.37
20190102;478.42
20190103;477.27
20190104;466.89
20190105;479.68
20190106;478.39
20190107;486.67
20190108;493.18
20190109;483.77
20190110;457.69
20190111;438.57
20190112;437.99
20190113;435.44
20190114;442.88
20190115;440.74
20190116;437.75
20190117;438.56
20190118;440.74
20190119;450.91
20190120;427.68
20190121;429.41
20190122;434.64
20190123;430.22
20190124;431.12
20190125;429.58
20190126;429.75
20190127;426.77
20190128;407.24
20190129;408.42
20190130;414.58
20190131;410.49
20190201;412.65
20190202;412.62
20190203;410.85
20190204;409.94
20190205;411.82
20190206;406.52
20190207;407.06
20190208;422.19
20190209;438.45
20190210;438.29
20190211;442.21
20190212;440.68
20190213;440.12
20190214;439.53
20190215;438.12
20190216;444.3
20190217;443.59
20190218;477.9
20190219;493.31
20190220;487.14
20190221;485.23
20190222;490.62
20190223;489.7
20190224;470.33
20190225;469.7
20190226;470.09
20190227;471.72
20190228;473.09
20190301;470.95
20190302;467.07
20190303;462.19
20190304;453.12
20190305;472.68
20190306;475.83
20190307;481.29
20190308;482.07
20190309;486.44
20190310;481.64
20190311;475.64
20190312;476.92
20190313;472.74
20190314;474.33
20190315;480.71
20190316;492.62
20190317;491.34
20190318;488.89
20190319;490.13
20190320;488.68
20190321;480.89
20190322;485.61
20190323;484.63
20190324;483.41
20190325;479.84
20190326;476.21
20190327;489.57
20190328;490.59
20190329;497.59
20190330;497.53
20190331;500.91
20190401;504.89
20190402;574.58
20190403;607.04
20190404;602.31
20190405;602.61
20190406;611.18
20190407;620.76
20190408;636.88
20190409;633.02
20190410;645
20190411;610.07
20190412;614.03
20190413;618.22
20190414;615.03
20190415;625.16
20190416;614.53
20190417;634.87
20190418;645.32
20190419;644.63
20190420;650.96
20190421;644.22
20190422;652.47
20190423;682.78
20190424;664.86
20190425;663.05
20190426;634.68
20190427;634.51
20190428;639.38
20190429;631.05
20190430;649.21
20190501;650.4
20190502;665.44
20190503;700.71
20190504;678.72
20190505;694.05
20190506;692.71
20190507;713.77
20190508;713.85
20190509;720.71
20190510;745.19
20190511;808
20190512;821.48
20190513;876.97
20190514;942.38
20190515;945.23
20190516;966.36
20190517;872.36
20190518;895.09
20190519;964.87
20190520;943.43
20190521;963.32
20190522;954.88
20190523;927.07
20190524;966.45
20190525;966.44
20190526;958.07
20190527;1050.23
20190528;1046.82
20190529;1049.13
20190530;1058.7
20190531;1004.6
20190601;1015.03
20190602;1039.4
20190603;993.16
20190604;942.41
20190605;914.74
20190606;913.74
20190607;937.65
20190608;936.7
20190609;917.35
20190610;936.7
20190611;922.4
20190612;952.51
20190613;970.83
20190614;998.62
20190615;1034.03
20190616;1094.65
20190617;1110.6
20190618;1078.53
20190619;1065.65
20190620;1083.32
20190621;1131.86
20190622;1237.9
20190623;1235.34
20190624;1251.64
20190625;1288.01
20190626;1455.89
20190627;1354.22
20190628;1328.7
20190629;1349.22
20190630;1270.6
20190701;1181.9
20190702;1215.37
20190703;1306.63
20190704;1352.06
20190705;1307.97
20190706;1316.97
20190707;1307.38
20190708;1373.97
20190709;1415.73
20190710;1424.24
20190711;1333.35
20190712;1313.66
20190713;1279.79
20190714;1192.67
20190715;1182.08
20190716;1165.63
20190717;1089.31
20190718;1148.87
20190719;1148.31
20190720;1182.83
20190721;1158.72
20190722;1135.84
20190723;1114.98
20190724;1103.66
20190725;1126.82
20190726;1107.5
20190727;1065.75
20190728;1073.68
20190729;1073.73
20190730;1077.81
20190731;1126.46
20190801;1123.77
20190802;1177.77
20190803;1199.02
20190804;1197.93
20190805;1289.7
20190806;1287.18
20190807;1318.99
20190808;1278.29
20190809;1274.97
20190810;1233.93
20190811;1237.28
20190812;1232.39
20190813;1197.78
20190814;1147
20190815;1092.45
20190816;1101.21
20190817;1124.89
20190818;1137.62
20190819;1180.13
20190820;1160.69
20190821;1098.35
20190822;1111.72
20190823;1136.12
20190824;1090.55
20190825;1096.83
20190826;1128.09
20190827;1114.76
20190828;1120.62
20190829;1030.95
20190830;1056.64
20190831;1057.33
20190901;1059.3
20190902;1092.24
20190903;1163.1
20190904;1131.23
20190905;1149.72
20190906;1184.18
20190907;1138.68
20190908;1145.53
20190909;1142.5
20190910;1127.9
20190911;1107.92
20190912;1136.11
20190913;1129.64
20190914;1142.9
20190915;1136.82
20190916;1130.49
20190917;1143.84
20190918;1145.05
20190919;1113.3
20190920;1146.71
20190921;1126.94
20190922;1124.3
20190923;1111.88
20190924;1059.25
20190925;935.81
20190926;918.76
20190927;896.63
20190928;909.4
20190929;897.04
20190930;932.19
20191001;945.65
20191002;935.94
20191003;917.12
20191004;926.23
20191005;911.01
20191006;903.06
20191007;922.29
20191008;926.5
20191009;960.82
20191010;967.67
20191011;946.94
20191012;952.43
20191013;955.4
20191014;938.24
