date;CCALT
20161231;1000
20170101;1008.57
20170102;1045.18
20170103;1193.19
20170104;1338.07
20170105;1252.49
20170106;1260.17
20170107;1200.99
20170108;1298.59
20170109;1303.93
20170110;1318.66
20170111;1212.49
20170112;1242.54
20170113;1202.98
20170114;1236.71
20170115;1218.76
20170116;1196.78
20170117;1305.79
20170118;1263.67
20170119;1306.15
20170120;1327.12
20170121;1363.25
20170122;1343.21
20170123;1344.39
20170124;1317.39
20170125;1304.89
20170126;1313.88
20170127;1314.56
20170128;1310.7
20170129;1302.65
20170130;1330.11
20170131;1333.56
20170201;1339.71
20170202;1347.43
20170203;1354.11
20170204;1412.33
20170205;1398.76
20170206;1415.62
20170207;1425.75
20170208;1418.39
20170209;1353.69
20170210;1419.8
20170211;1425.47
20170212;1417.81
20170213;1405.23
20170214;1622.27
20170215;1624.61
20170216;1598.07
20170217;1585.25
20170218;1598.8
20170219;1597.56
20170220;1597.43
20170221;1585.79
20170222;1572.96
20170223;1653.07
20170224;1626.52
20170225;1704.36
20170226;1787.25
20170227;1894.4
20170228;1959.45
20170301;2040.01
20170302;2408.12
20170303;2462.28
20170304;2342.94
20170305;2363.83
20170306;2470.5
20170307;2357.68
20170308;2140.74
20170309;2204.44
20170310;2295.34
20170311;2572.24
20170312;2848.08
20170313;3552.25
20170314;3536.52
20170315;4120.24
20170316;5470.07
20170317;5710.91
20170318;4267.89
20170319;5357.16
20170320;5310.53
20170321;5288.39
20170322;5030.76
20170323;5350.27
20170324;6122.03
20170325;6515.43
20170326;6230.33
20170327;6218.4
20170328;6258.02
20170329;6592.23
20170330;6525.22
20170331;6034.19
20170401;6450.71
20170402;6189.89
20170403;5652.39
20170404;5515.02
20170405;5588.83
20170406;5178.53
20170407;5260.99
20170408;5600.52
20170409;5423.04
20170410;5450.7
20170411;5442.03
20170412;5776.08
20170413;6128.5
20170414;5812.46
20170415;6054.69
20170416;5942.61
20170417;5950.2
20170418;6159.29
20170419;6188.18
20170420;6134.53
20170421;6055.48
20170422;6043.94
20170423;6054.56
20170424;6200.49
20170425;6229.24
20170426;6733.32
20170427;7746.43
20170428;8632.59
20170429;8948.32
20170430;9701.13
20170501;9521.19
20170502;9775.76
20170503;10044.16
20170504;11409.77
20170505;12038.5
20170506;12755.18
20170507;14308.83
20170508;14439.93
20170509;14184.86
20170510;14677.3
20170511;15023.93
20170512;14996.06
20170513;15618.04
20170514;16042.54
20170515;16931.1
20170516;18864.7
20170517;21399.32
20170518;20771.73
20170519;22850.22
20170520;24107.06
20170521;25061.77
20170522;26396.98
20170523;27408.5
20170524;29163.79
20170525;27074.91
20170526;26048.48
20170527;22556.6
20170528;23599
20170529;27501.53
20170530;28868.51
20170531;30648.01
20170601;33765.83
20170602;33293.04
20170603;32564.56
20170604;34642.73
20170605;35430.73
20170606;36008.43
20170607;35518.19
20170608;35611.25
20170609;36919.85
20170610;39222.31
20170611;42424.1
20170612;42219.47
20170613;44694.55
20170614;42954.57
20170615;38850.91
20170616;41476.07
20170617;44336.38
20170618;41994.3
20170619;44000.89
20170620;44353.21
20170621;39427.97
20170622;40879.13
20170623;42386.62
20170624;40135.68
20170625;36184.18
20170626;31289.58
20170627;35434.15
20170628;40340.54
20170629;38623.35
20170630;37291.76
20170701;33816.56
20170702;36653.97
20170703;37113.97
20170704;36575.37
20170705;36406.42
20170706;36262.5
20170707;33735.98
20170708;33362.87
20170709;33477.28
20170710;29842.74
20170711;26202.72
20170712;29458.31
20170713;28189.88
20170714;26178.68
20170715;24934.13
20170716;21168.2
20170717;25506.17
20170718;31351.66
20170719;26860
20170720;30462.22
20170721;28775.05
20170722;30760.2
20170723;31523.98
20170724;30815.05
20170725;26543.59
20170726;27661.28
20170727;27773.35
20170728;26768.66
20170729;27103.22
20170730;26799.23
20170731;27341.8
20170801;30494.1
20170802;29504.85
20170803;30131.53
20170804;29835.82
20170805;32929.18
20170806;34403.49
20170807;34103.48
20170808;37199.32
20170809;37284.66
20170810;37309.58
20170811;36919.53
20170812;37314
20170813;35681.22
20170814;35898.32
20170815;34041.84
20170816;35791.22
20170817;36047.98
20170818;34781.38
20170819;35257.82
20170820;35854.69
20170821;39058.29
20170822;41569.48
20170823;41258.38
20170824;41588.36
20170825;41955.91
20170826;42684.96
20170827;43055
20170828;44785.34
20170829;46524.92
20170830;47975.82
20170831;49961.94
20170901;51544.41
20170902;44581.06
20170903;46112.8
20170904;41649.11
20170905;42590.07
20170906;44969.58
20170907;44920.54
20170908;40600.6
20170909;40814.04
20170910;40982.11
20170911;40179.86
20170912;39746.19
20170913;36875.35
20170914;31875.31
20170915;34619.68
20170916;33794.08
20170917;34410.4
20170918;37390.75
20170919;36750.3
20170920;37055.1
20170921;33760.8
20170922;33730.4
20170923;35868.71
20170924;35620.42
20170925;37461.22
20170926;37155.64
20170927;39787.93
20170928;38921.2
20170929;37949.79
20170930;39074.83
20171001;38439.49
20171002;38098.72
20171003;37172.3
20171004;36886.82
20171005;38100.06
20171006;38503.4
20171007;38779.91
20171008;39686.17
20171009;36977.25
20171010;38211.89
20171011;38532.44
20171012;38280.25
20171013;40986.99
20171014;41904.18
20171015;40794.96
20171016;40918.72
20171017;39254.74
20171018;37808.71
20171019;37940.49
20171020;37436.06
20171021;36352.77
20171022;35991.51
20171023;34724.44
20171024;37343.11
20171025;36711.65
20171026;36351.06
20171027;36623.77
20171028;36727.35
20171029;38784.63
20171030;38229.55
20171031;38013.13
20171101;37545.11
20171102;37413.64
20171103;40378.75
20171104;39466.52
20171105;39219.08
20171106;39837.77
20171107;39475.38
20171108;42021.46
20171109;43481.42
20171110;44374.6
20171111;49980.42
20171112;51585.35
20171113;50738.3
20171114;51203.53
20171115;49805.23
20171116;48493.28
20171117;50957.25
20171118;52884.71
20171119;52992.73
20171120;55159.2
20171121;54441.79
20171122;57203.65
20171123;62988.46
20171124;66749.35
20171125;68057.17
20171126;68482.86
20171127;68981
20171128;69452.86
20171129;65500.3
20171130;62494.16
20171201;68161.08
20171202;67609.67
20171203;68491.82
20171204;69266.9
20171205;69499.47
20171206;64292.78
20171207;62760.77
20171208;70899.77
20171209;72200.23
20171210;66644.46
20171211;74193.54
20171212;98213.47
20171213;106641.74
20171214;120315.75
20171215;117383.74
20171216;118620.03
20171217;125534.47
20171218;136170.37
20171219;137333.95
20171220;148710.76
20171221;153706.22
20171222;139132.78
20171223;152218.31
20171224;132609.61
20171225;141652.26
20171226;144192.4
20171227;149738.13
20171228;143234.95
20171229;171658.87
20171230;165798.79
20171231;175156.15
20180101;176551.25
20180102;196202.78
20180103;215669.95
20180104;216834.01
20180105;208406.69
20180106;222624.86
20180107;233504.37
20180108;232120.54
20180109;235739.36
20180110;239766.63
20180111;224196.36
20180112;235685.31
20180113;255511.51
20180114;240015.01
20180115;241143.54
20180116;166464.63
20180117;187636.85
20180118;193663.06
20180119;188162.61
20180120;211754.69
20180121;185241.36
20180122;169105.63
20180123;178868.57
20180124;184107.69
20180125;187065.38
20180126;180615.9
20180127;191856.26
20180128;205249.58
20180129;196969.1
20180130;176365.87
20180131;178546.68
20180201;161055.44
20180202;143644.63
20180203;157517.92
20180204;134614.89
20180205;116556
20180206;128955.73
20180207;132178.42
20180208;137225.91
20180209;147828.98
20180210;144445.76
20180211;147940.51
20180212;153224.77
20180213;148526.42
20180214;165513.24
20180215;165679.46
20180216;172434.4
20180217;178734.21
20180218;171042.54
20180219;173087.53
20180220;170055.55
20180221;150937.04
20180222;144230.14
20180223;148075.27
20180224;143141.99
20180225;147496.39
20180226;153581.32
20180227;155409.26
20180228;150060.07
20180301;152686.31
20180302;150003
20180303;149075.68
20180304;152613.1
20180305;152225.29
20180306;145353.53
20180307;132946.92
20180308;125405.13
20180309;123435.18
20180310;120989.57
20180311;129896.88
20180312;123000.17
20180313;122396.06
20180314;110921.5
20180315;108030.85
20180316;110688.92
20180317;98954.63
20180318;92272.2
20180319;102687.48
20180320;109711.34
20180321;107717.42
20180322;102711.03
20180323;101623.34
20180324;104738.12
20180325;102324.23
20180326;91583.82
20180327;91144.5
20180328;88778.78
20180329;77079.28
20180330;76403.19
20180331;77120.5
20180401;75135.79
20180402;75364.55
20180403;82141.92
20180404;75226.29
20180405;75046.52
20180406;72476.54
20180407;76421.86
20180408;76926.81
20180409;75059.77
20180410;77890.61
20180411;80164.61
20180412;90451.14
20180413;95799.85
20180414;97114.34
20180415;101589.55
20180416;97831.22
20180417;98800.58
20180418;106341
20180419;111795.66
20180420;124518.95
20180421;122111
20180422;128793.26
20180423;131235.02
20180424;143819.3
20180425;129787.55
20180426;132414.28
20180427;131384.97
20180428;139296.59
20180429;140391.87
20180430;137501.58
20180501;134781.67
20180502;140151.37
20180503;148193
20180504;150900.69
20180505;154566.4
20180506;150103.14
20180507;147676.98
20180508;142277.64
20180509;142708.1
20180510;139270.62
20180511;124029.44
20180512;126225.67
20180513;135875.21
20180514;136008.74
20180515;129497.7
20180516;125344.94
20180517;123075.42
20180518;123494.15
20180519;123771.16
20180520;129419.42
20180521;124990.84
20180522;118038.93
20180523;106896.06
20180524;109074.61
20180525;106651.22
20180526;109148.43
20180527;103717.02
20180528;97558.21
20180529;104772.47
20180530;101142.44
20180531;105961.14
20180601;104010.88
20180602;110175.12
20180603;114893.08
20180604;110646.77
20180605;113229.12
20180606;111835.19
20180607;112037.12
20180608;111370.15
20180609;110844.65
20180610;95621.39
20180611;94274.89
20180612;89649.35
20180613;84914.79
20180614;93685.02
20180615;89402.88
20180616;89250.01
20180617;88888.81
20180618;91865.58
20180619;92638.38
20180620;92622.93
20180621;91436.97
20180622;80470.56
20180623;81284.36
20180624;80017.62
20180625;79893.88
20180626;77041.23
20180627;76495.32
20180628;75074.74
20180629;71736.65
20180630;77658.86
20180701;78178.48
20180702;83829.44
20180703;83520.77
20180704;84314.97
20180705;80982.09
20180706;81222.45
20180707;79907.11
20180708;83965.16
20180709;81448.8
20180710;75916.79
20180711;74996.96
20180712;72976.93
20180713;74208.56
20180714;75229.66
20180715;77801.65
20180716;82507.35
20180717;88020.24
20180718;85219.57
20180719;84011.43
20180720;78985.4
20180721;82124.38
20180722;82178.15
20180723;79661.15
20180724;83909.99
20180725;84996.36
20180726;83949.93
20180727;83448.87
20180728;82552.21
20180729;82835.1
20180730;80596.63
20180731;76366.17
20180801;74180.3
20180802;73574.96
20180803;74036.21
20180804;71612.96
20180805;73128.66
20180806;71388.53
20180807;68165.69
20180808;60821.34
20180809;62693.39
20180810;58955.02
20180811;56887.92
20180812;55954.7
20180813;51479.56
20180814;46839.07
20180815;51310.39
20180816;51004.29
20180817;55488.86
20180818;53401.78
20180819;56530.9
20180820;53919.2
20180821;52195
20180822;50190.01
20180823;51181.03
20180824;52490.34
20180825;52662
20180826;51643.16
20180827;53219.86
20180828;57165.65
20180829;56490.91
20180830;54830.77
20180831;55774.48
20180901;59291.69
20180902;58493.14
20180903;58342.82
20180904;57972.13
20180905;50447.72
20180906;47391.2
20180907;46691.27
20180908;42681.07
20180909;44683.53
20180910;43068.91
20180911;40873.51
20180912;41071.84
20180913;44700.2
20180914;45915.17
20180915;46420.51
20180916;46107.81
20180917;41700.67
20180918;45059.01
20180919;46156.4
20180920;48076.79
20180921;57044.91
20180922;57874.92
20180923;58262.47
20180924;55772.94
20180925;50604.79
20180926;55081.25
20180927;57353.43
20180928;55580.5
20180929;57521.93
20180930;56735.14
20181001;57222.68
20181002;56190.97
20181003;54049.54
20181004;55241.29
20181005;54749.11
20181006;54182.32
20181007;54084.68
20181008;55883.3
20181009;54798.05
20181010;54073.83
20181011;47712.89
20181012;47862.19
20181013;47773.74
20181014;47574.66
20181015;48893.55
20181016;50026.18
20181017;49870.97
20181018;48872.75
20181019;49337.07
20181020;49882.03
20181021;50063.28
20181022;49633.52
20181023;49733.32
20181024;49668.67
20181025;49397.92
20181026;49361.42
20181027;49241.34
20181028;49417.65
20181029;47142.06
20181030;47476.42
20181031;48191.04
20181101;48382.03
20181102;49651.58
20181103;49749.81
20181104;52680.81
20181105;52704.95
20181106;56402.04
20181107;56246.56
20181108;54412.39
20181109;52649.47
20181110;53707.51
20181111;52506.6
20181112;52881.35
20181113;51823.65
20181114;44840.95
20181115;44997.01
20181116;50920.9
20181117;51721.34
20181118;52204.16
20181119;47242.94
20181120;41436.35
20181121;41712.51
20181122;41040.83
20181123;38374.18
20181124;35357.07
20181125;36178.13
20181126;33790.58
20181127;34989.35
20181128;37999.93
20181129;36778.36
20181130;36328.88
20181201;37888.93
20181202;37823.73
20181203;34593.41
20181204;34534.87
20181205;31964.35
20181206;30027.91
20181207;27704.15
20181208;26999.9
20181209;29567.75
20181210;27757.5
20181211;27091.84
20181212;28027.99
20181213;26435.23
20181214;25335.41
20181215;25549.63
20181216;26290.65
20181217;29883.86
20181218;29547.1
20181219;32544.22
20181220;34232.28
20181221;33797.78
20181222;35082.21
20181223;37759.45
20181224;39584.52
20181225;36935.56
20181226;36394.48
20181227;33140.91
20181228;37790.7
20181229;37519.89
20181230;37262.11
20181231;35482.86
20190101;36964.42
20190102;39470.64
20190103;38059.24
20190104;38337.22
20190105;39095.16
20190106;39793.51
20190107;39478.97
20190108;39344.38
20190109;39678.06
20190110;34446.71
20190111;34147.37
20190112;34098.99
20190113;31844.99
20190114;34512
20190115;32905.75
20190116;33299.16
20190117;33641.1
20190118;33072.92
20190119;33985.44
20190120;32493.61
20190121;32508.34
20190122;33202.83
20190123;32634.79
20190124;32936.43
20190125;32552.37
20190126;32587.64
20190127;32028.65
20190128;29658.25
20190129;29638.95
20190130;31057.63
20190131;30510.69
20190201;30431.64
20190202;30406.24
20190203;29992.02
20190204;30292.9
20190205;30052.48
20190206;29258.76
20190207;29489.66
20190208;32695.12
20190209;32752.37
20190210;32430.54
20190211;32575.24
20190212;33010.94
20190213;32396.23
20190214;32181.76
20190215;32259.44
20190216;32699.6
20190217;32972.54
20190218;36802.21
20190219;37731.58
20190220;37856.68
20190221;36708.29
20190222;37376.07
20190223;40014.22
20190224;35467.59
20190225;36117.8
20190226;35430.93
20190227;34195.41
20190228;35373.51
20190301;35901.21
20190302;34958.79
20190303;34953.94
20190304;33656.21
20190305;35866.92
20190306;35918.11
20190307;36171.24
20190308;36063.76
20190309;36117.74
20190310;36108.68
20190311;35484.71
20190312;35836.66
20190313;35888.37
20190314;35918.33
20190315;37000.22
20190316;37777.03
20190317;37657.55
20190318;37356.77
20190319;37579.29
20190320;37584.67
20190321;36808.65
20190322;37430.71
20190323;37511.07
20190324;37031.31
20190325;36288.71
20190326;36392.84
20190327;38168.46
20190328;37870.98
20190329;38462.78
20190330;38594.71
20190331;38558.6
20190401;38761.4
20190402;44636.67
20190403;50574.97
20190404;44096.27
20190405;47935.35
20190406;48940.12
20190407;48596.73
20190408;49240.81
20190409;48683.19
20190410;50125.62
20190411;45211.63
20190412;44982.62
20190413;44611.06
20190414;44923.99
20190415;44024.12
20190416;45324.01
20190417;45785.87
20190418;46989.3
20190419;46294.12
20190420;46016.56
20190421;44144.83
20190422;45682.1
20190423;45192.82
20190424;42033.09
20190425;42842.66
20190426;40006
20190427;41166.07
20190428;40145.88
20190429;39633.37
20190430;41239.11
20190501;41354.05
20190502;41180.45
20190503;43081.14
20190504;41964.89
20190505;42174.88
20190506;43414.54
20190507;42636.24
20190508;42489.15
20190509;41658.88
20190510;43214.34
20190511;48159.83
20190512;46684.34
20190513;49620.79
20190514;52751.54
20190515;59972.12
20190516;60530.72
20190517;54226.33
20190518;55054.36
20190519;59793.52
20190520;58077.49
20190521;60052.88
20190522;58418.25
20190523;55754.33
20190524;58610.11
20190525;58383.2
20190526;60720.88
20190527;64538.94
20190528;65791.03
20190529;66568.1
20190530;65436.4
20190531;63632.31
20190601;64526.44
20190602;65208.24
20190603;64503.13
20190604;56819.68
20190605;58968.32
20190606;57963.01
20190607;61169.19
20190608;59255.94
20190609;57353.76
20190610;59950.22
20190611;60020.19
20190612;62030.55
20190613;62292.47
20190614;60868.41
20190615;64297.77
20190616;64099.29
20190617;65507.47
20190618;63880.94
20190619;64986.42
20190620;64504.28
20190621;67605.43
20190622;71798.73
20190623;72392.4
20190624;70581.3
20190625;70835.04
20190626;75579.22
20190627;62597.22
20190628;66481.6
20190629;67398.63
20190630;64706.19
20190701;60942.85
20190702;62205.08
20190703;62995.21
20190704;63587.41
20190705;61830.57
20190706;63138.38
20190707;64505.49
20190708;64824.42
20190709;63979.62
20190710;59039.92
20190711;54956.68
20190712;56174.71
20190713;54370.01
20190714;49043.98
20190715;49198.04
20190716;44296.44
20190717;46118.98
20190718;48716.83
20190719;47964.26
20190720;51799.19
20190721;49220.28
20190722;47644.88
20190723;47929.22
20190724;47262.91
20190725;47957.81
20190726;49089.51
20190727;46149.66
20190728;46425.32
20190729;46378.15
20190730;47270.87
20190731;47933.78
20190801;47849.86
20190802;47490.56
20190803;48566.15
20190804;48602.08
20190805;50309.67
20190806;48508.76
20190807;47821.04
20190808;46764.69
20190809;44946.4
20190810;45216.31
20190811;47080.77
20190812;46255.19
20190813;45496.65
20190814;41122.93
20190815;40888.23
20190816;40985.58
20190817;40366.51
20190818;43071.91
20190819;42909.38
20190820;42221.63
20190821;40467.43
20190822;41698.78
20190823;42156.53
20190824;41446.18
20190825;40675.8
20190826;41015.25
20190827;40889.41
20190828;37788.13
20190829;37383.49
20190830;37282.75
20190831;37054.9
20190901;37628.06
20190902;38758.57
20190903;39411.84
20190904;38892.16
20190905;37666.16
20190906;37547.32
20190907;39330.09
20190908;39559.77
20190909;39672.15
20190910;39041.1
20190911;38504.89
20190912;38879.64
20190913;38677.88
20190914;40507.49
20190915;40417.8
20190916;40552.19
20190917;44151.11
20190918;45469.06
20190919;45855.98
20190920;44287.46
20190921;44319.15
20190922;42282.35
20190923;42413.94
20190924;34767.11
20190925;34574.77
20190926;33808.58
20190927;33970.13
20190928;34923.3
20190929;33676.38
20190930;35915
20191001;35352.57
20191002;35639.3
20191003;34788.24
20191004;35868.85
20191005;35479.94
20191006;34742.07
20191007;37250.68
20191008;36852.33
20191009;38775.13
20191010;38199.85
20191011;36760.03
20191012;36641.63
20191013;37508.11
20191014;38215.93